{
 "cells": [
  {
   "cell_type": "code",
   "execution_count": 34,
   "id": "04d537ac",
   "metadata": {},
   "outputs": [],
   "source": [
    "import numpy as np"
   ]
  },
  {
   "cell_type": "code",
   "execution_count": 35,
   "id": "d25b9680",
   "metadata": {},
   "outputs": [],
   "source": [
    "qtable = np.array([[5.14963315e-02, 1.70525570e-01, 2.22759066e-01, 6.26536625e-02],\n",
    "       [2.05215915e-02, 1.24579066e-02, 2.25808590e-03, 2.44865981e-01],\n",
    "       [9.96193759e-03, 2.22369064e-02, 1.75160330e-01, 2.24436809e-02],\n",
    "       [6.41106965e-03, 1.86759002e-03, 3.86157559e-03, 4.13729423e-02],\n",
    "       [3.26938735e-02, 3.30330752e-01, 4.26810642e-02, 2.15527387e-04],\n",
    "       [0.00000000e+00, 0.00000000e+00, 0.00000000e+00, 0.00000000e+00],\n",
    "       [1.20555456e-05, 1.37696508e-07, 1.08996409e-01, 2.71126388e-06],\n",
    "       [0.00000000e+00, 0.00000000e+00, 0.00000000e+00, 0.00000000e+00],\n",
    "       [1.67003007e-01, 3.74115519e-04, 1.00433972e-02, 4.41465013e-01],\n",
    "       [5.16787055e-02, 4.82598656e-01, 1.16213262e-01, 9.15542907e-02],\n",
    "       [7.31367341e-01, 8.63227734e-04, 8.43738840e-04, 1.56985376e-03],\n",
    "       [0.00000000e+00, 0.00000000e+00, 0.00000000e+00, 0.00000000e+00],\n",
    "       [0.00000000e+00, 0.00000000e+00, 0.00000000e+00, 0.00000000e+00],\n",
    "       [9.08147183e-02, 1.05341030e-01, 6.69860102e-01, 4.94604672e-03],\n",
    "       [2.34285435e-01, 9.86444288e-01, 2.60399999e-01, 5.19617940e-01],\n",
    "       [0.00000000e+00, 0.00000000e+00, 0.00000000e+00, 0.00000000e+00]])\n"
   ]
  },
  {
   "cell_type": "code",
   "execution_count": 36,
   "id": "87ac190b",
   "metadata": {},
   "outputs": [
    {
     "data": {
      "text/plain": [
       "array([[5.14963315e-02, 1.70525570e-01, 2.22759066e-01, 6.26536625e-02],\n",
       "       [2.05215915e-02, 1.24579066e-02, 2.25808590e-03, 2.44865981e-01],\n",
       "       [9.96193759e-03, 2.22369064e-02, 1.75160330e-01, 2.24436809e-02],\n",
       "       [6.41106965e-03, 1.86759002e-03, 3.86157559e-03, 4.13729423e-02],\n",
       "       [3.26938735e-02, 3.30330752e-01, 4.26810642e-02, 2.15527387e-04],\n",
       "       [0.00000000e+00, 0.00000000e+00, 0.00000000e+00, 0.00000000e+00],\n",
       "       [1.20555456e-05, 1.37696508e-07, 1.08996409e-01, 2.71126388e-06],\n",
       "       [0.00000000e+00, 0.00000000e+00, 0.00000000e+00, 0.00000000e+00],\n",
       "       [1.67003007e-01, 3.74115519e-04, 1.00433972e-02, 4.41465013e-01],\n",
       "       [5.16787055e-02, 4.82598656e-01, 1.16213262e-01, 9.15542907e-02],\n",
       "       [7.31367341e-01, 8.63227734e-04, 8.43738840e-04, 1.56985376e-03],\n",
       "       [0.00000000e+00, 0.00000000e+00, 0.00000000e+00, 0.00000000e+00],\n",
       "       [0.00000000e+00, 0.00000000e+00, 0.00000000e+00, 0.00000000e+00],\n",
       "       [9.08147183e-02, 1.05341030e-01, 6.69860102e-01, 4.94604672e-03],\n",
       "       [2.34285435e-01, 9.86444288e-01, 2.60399999e-01, 5.19617940e-01],\n",
       "       [0.00000000e+00, 0.00000000e+00, 0.00000000e+00, 0.00000000e+00]])"
      ]
     },
     "execution_count": 36,
     "metadata": {},
     "output_type": "execute_result"
    }
   ],
   "source": [
    "qtable"
   ]
  },
  {
   "cell_type": "code",
   "execution_count": 37,
   "id": "68b99e28",
   "metadata": {},
   "outputs": [],
   "source": [
    "def sortRowWise(m):\n",
    "     \n",
    "    # loop for rows of matrix\n",
    "    for i in range(len(m)):\n",
    "         \n",
    "        # loop for column of matrix\n",
    "        for j in range(len(m[i])):\n",
    "             \n",
    "            # loop for comparison and swapping\n",
    "            for k in range(len(m[i]) - j - 1):\n",
    "                 \n",
    "                if (m[i][k] > m[i][k + 1]):\n",
    "                     \n",
    "                    # swapping of elements\n",
    "                    t = m[i][k]\n",
    "                    m[i][k] = m[i][k + 1]\n",
    "                    m[i][k + 1] = t\n",
    "        "
   ]
  },
  {
   "cell_type": "code",
   "execution_count": 38,
   "id": "e000654a",
   "metadata": {},
   "outputs": [
    {
     "ename": "ValueError",
     "evalue": "The truth value of an array with more than one element is ambiguous. Use a.any() or a.all()",
     "output_type": "error",
     "traceback": [
      "\u001b[1;31m---------------------------------------------------------------------------\u001b[0m",
      "\u001b[1;31mValueError\u001b[0m                                Traceback (most recent call last)",
      "\u001b[1;32m<ipython-input-38-994a2165a6e0>\u001b[0m in \u001b[0;36m<module>\u001b[1;34m\u001b[0m\n\u001b[1;32m----> 1\u001b[1;33m \u001b[0msorted_array\u001b[0m \u001b[1;33m=\u001b[0m \u001b[0msorted\u001b[0m\u001b[1;33m(\u001b[0m\u001b[0mqtable\u001b[0m\u001b[1;33m)\u001b[0m\u001b[1;33m\u001b[0m\u001b[1;33m\u001b[0m\u001b[0m\n\u001b[0m",
      "\u001b[1;31mValueError\u001b[0m: The truth value of an array with more than one element is ambiguous. Use a.any() or a.all()"
     ]
    }
   ],
   "source": [
    "sorted_array = sorted(qtable)"
   ]
  },
  {
   "cell_type": "code",
   "execution_count": 15,
   "id": "d19f61b2",
   "metadata": {},
   "outputs": [
    {
     "data": {
      "text/plain": [
       "array([[5.14963315e-02, 6.26536625e-02, 1.70525570e-01, 2.22759066e-01],\n",
       "       [2.25808590e-03, 1.24579066e-02, 2.05215915e-02, 2.44865981e-01],\n",
       "       [9.96193759e-03, 2.22369064e-02, 2.24436809e-02, 1.75160330e-01],\n",
       "       [1.86759002e-03, 3.86157559e-03, 6.41106965e-03, 4.13729423e-02],\n",
       "       [2.15527387e-04, 3.26938735e-02, 4.26810642e-02, 3.30330752e-01],\n",
       "       [0.00000000e+00, 0.00000000e+00, 0.00000000e+00, 0.00000000e+00],\n",
       "       [1.37696508e-07, 2.71126388e-06, 1.20555456e-05, 1.08996409e-01],\n",
       "       [0.00000000e+00, 0.00000000e+00, 0.00000000e+00, 0.00000000e+00],\n",
       "       [3.74115519e-04, 1.00433972e-02, 1.67003007e-01, 4.41465013e-01],\n",
       "       [5.16787055e-02, 9.15542907e-02, 1.16213262e-01, 4.82598656e-01],\n",
       "       [8.43738840e-04, 8.63227734e-04, 1.56985376e-03, 7.31367341e-01],\n",
       "       [0.00000000e+00, 0.00000000e+00, 0.00000000e+00, 0.00000000e+00],\n",
       "       [0.00000000e+00, 0.00000000e+00, 0.00000000e+00, 0.00000000e+00],\n",
       "       [4.94604672e-03, 9.08147183e-02, 1.05341030e-01, 6.69860102e-01],\n",
       "       [2.34285435e-01, 2.60399999e-01, 5.19617940e-01, 9.86444288e-01],\n",
       "       [0.00000000e+00, 0.00000000e+00, 0.00000000e+00, 0.00000000e+00]])"
      ]
     },
     "execution_count": 15,
     "metadata": {},
     "output_type": "execute_result"
    }
   ],
   "source": [
    "qtable"
   ]
  },
  {
   "cell_type": "code",
   "execution_count": 16,
   "id": "1d5a115b",
   "metadata": {},
   "outputs": [
    {
     "data": {
      "text/plain": [
       "array([[5.14963315e-02, 6.26536625e-02, 1.70525570e-01, 2.22759066e-01],\n",
       "       [2.25808590e-03, 1.24579066e-02, 2.05215915e-02, 2.44865981e-01],\n",
       "       [9.96193759e-03, 2.22369064e-02, 2.24436809e-02, 1.75160330e-01],\n",
       "       [1.86759002e-03, 3.86157559e-03, 6.41106965e-03, 4.13729423e-02],\n",
       "       [2.15527387e-04, 3.26938735e-02, 4.26810642e-02, 3.30330752e-01],\n",
       "       [0.00000000e+00, 0.00000000e+00, 0.00000000e+00, 0.00000000e+00],\n",
       "       [1.37696508e-07, 2.71126388e-06, 1.20555456e-05, 1.08996409e-01],\n",
       "       [0.00000000e+00, 0.00000000e+00, 0.00000000e+00, 0.00000000e+00],\n",
       "       [3.74115519e-04, 1.00433972e-02, 1.67003007e-01, 4.41465013e-01],\n",
       "       [5.16787055e-02, 9.15542907e-02, 1.16213262e-01, 4.82598656e-01],\n",
       "       [8.43738840e-04, 8.63227734e-04, 1.56985376e-03, 7.31367341e-01],\n",
       "       [0.00000000e+00, 0.00000000e+00, 0.00000000e+00, 0.00000000e+00],\n",
       "       [0.00000000e+00, 0.00000000e+00, 0.00000000e+00, 0.00000000e+00],\n",
       "       [4.94604672e-03, 9.08147183e-02, 1.05341030e-01, 6.69860102e-01],\n",
       "       [2.34285435e-01, 2.60399999e-01, 5.19617940e-01, 9.86444288e-01],\n",
       "       [0.00000000e+00, 0.00000000e+00, 0.00000000e+00, 0.00000000e+00]])"
      ]
     },
     "execution_count": 16,
     "metadata": {},
     "output_type": "execute_result"
    }
   ],
   "source": [
    "temp"
   ]
  },
  {
   "cell_type": "code",
   "execution_count": 30,
   "id": "ba479f33",
   "metadata": {},
   "outputs": [],
   "source": [
    "a = [12,13,11,27,2,3,46]\n",
    "b = a"
   ]
  },
  {
   "cell_type": "code",
   "execution_count": 31,
   "id": "1c26b977",
   "metadata": {},
   "outputs": [],
   "source": [
    "b = sorted(a)"
   ]
  },
  {
   "cell_type": "code",
   "execution_count": 32,
   "id": "d6dd860a",
   "metadata": {},
   "outputs": [
    {
     "data": {
      "text/plain": [
       "[12, 13, 11, 27, 2, 3, 46]"
      ]
     },
     "execution_count": 32,
     "metadata": {},
     "output_type": "execute_result"
    }
   ],
   "source": [
    "a"
   ]
  },
  {
   "cell_type": "code",
   "execution_count": 33,
   "id": "4cc2ab6f",
   "metadata": {},
   "outputs": [
    {
     "data": {
      "text/plain": [
       "[2, 3, 11, 12, 13, 27, 46]"
      ]
     },
     "execution_count": 33,
     "metadata": {},
     "output_type": "execute_result"
    }
   ],
   "source": [
    "b"
   ]
  },
  {
   "cell_type": "code",
   "execution_count": null,
   "id": "49c44912",
   "metadata": {},
   "outputs": [],
   "source": []
  }
 ],
 "metadata": {
  "kernelspec": {
   "display_name": "Python 3",
   "language": "python",
   "name": "python3"
  },
  "language_info": {
   "codemirror_mode": {
    "name": "ipython",
    "version": 3
   },
   "file_extension": ".py",
   "mimetype": "text/x-python",
   "name": "python",
   "nbconvert_exporter": "python",
   "pygments_lexer": "ipython3",
   "version": "3.8.8"
  }
 },
 "nbformat": 4,
 "nbformat_minor": 5
}
